928 2
  416 3
    356 2
      609 2
        824 1
          654 1
            424 1
              939 0
        134 2
          779 2
            566 2
              534 0
              370 0
            201 0
          285 2
            763 2
              510 0
              332 0
            878 3
              732 0
              56 0
              90 0
      35 2
        138 1
          816 3
            559 0
            245 2
              710 0
              593 0
            967 2
              428 0
              953 0
        247 1
          310 2
            458 1
              185 0
            670 2
              64 0
              231 0
    59 1
      249 1
        765 1
          120 1
            112 1
              391 0
    40 1
      890 2
        122 1
          642 2
            202 0
            597 0
        235 2
          83 2
            444 0
            50 0
          31 0
  261 2
    611 1
      13 1
        422 2
          854 1
            508 0
          312 1
            710 0
    928 1
      234 3
        163 1
          694 2
            630 0
            248 0
        782 2
          382 0
          975 2
            167 0
            927 0
        525 2
          434 3
            544 0
            306 0
            976 0
          208 1
            749 0
