551 1
  740 1
    144 3
      513 3
        264 2
          320 2
            509 3
              858 3
                650 3
                  588 0
                  299 0
                  252 0
                119 4
                  32 0
                  424 0
                  173 0
                  619 0
                252 1
                  816 0
              780 4
                801 5
                  901 0
                  482 0
                  906 0
                  975 0
                  702 0
                757 5
                  397 0
                  341 0
                  223 0
                  229 0
                  532 0
                590 1
                  407 0
                287 3
                  376 0
                  111 0
                  574 0
              408 4
                18 1
                  344 0
                235 1
                  516 0
                482 4
                  174 0
                  834 0
                  752 0
                  842 0
                891 4
                  988 0
                  976 0
                  913 0
                  723 0
            254 4
              172 1
                750 5
                  27 0
                  26 0
                  585 0
                  392 0
                  862 0
              284 1
                276 1
                  695 0
              637 2
                909 1
                  407 0
                325 3
                  237 0
                  818 0
                  775 0
              137 2
                320 1
                  347 0
                453 1
                  837 0
          183 1
            581 3
              80 1
                602 1
                  156 0
              616 1
                172 5
                  710 0
                  237 0
                  179 0
                  690 0
                  787 0
              912 3
                277 4
                  140 0
                  542 0
                  809 0
                  300 0
                626 2
                  870 0
                  885 0
                916 3
                  512 0
                  266 0
                  129 0
        142 1
          49 4
            578 3
              184 2
                218 3
                  339 0
                  854 0
                  672 0
                354 0
              239 3
                975 5
                  880 0
                  986 0
                  774 0
                  283 0
                  914 0
                540 1
                  396 0
                976 4
                  204 0
                  247 0
                  562 0
                  128 0
              180 1
                882 2
                  226 0
                  150 0
            84 2
              716 2
                59 3
                  363 0
                  195 0
                  195 0
                263 3
                  240 0
                  369 0
                  541 0
              61 1
                979 1
                  759 0
            114 2
              463 3
                552 2
                  535 0
                  299 0
                216 1
                  959 0
                763 2
                  385 0
                  767 0
              456 1
                478 1
                  998 0
            365 5
              501 2
                982 3
                  102 0
                  758 0
                  965 0
                396 1
                  214 0
              641 3
                809 1
                  682 0
                495 2
                  18 0
                  191 0
                556 4
                  981 0
                  722 0
                  901 0
                  751 0
              922 0
              336 1
                679 4
                  700 0
                  342 0
                  264 0
                  961 0
              716 1
                489 2
                  537 0
                  722 0
        771 5
          559 0
          334 5
            978 4
              423 1
                11 4
                  544 0
                  727 0
                  99 0
                  882 0
              563 4
                183 2
                  720 0
                  240 0
                534 1
                  42 0
                822 3
                  95 0
                  372 0
                  151 0
                373 5
                  749 0
                  197 0
                  408 0
                  458 0
                  775 0
              135 3
                446 2
                  869 0
                  251 0
                464 2
                  815 0
                  697 0
                363 5
                  80 0
                  833 0
                  833 0
                  621 0
                  286 0
              956 2
                963 1
                  928 0
                19 3
                  562 0
                  790 0
                  748 0
            539 1
              87 0
            843 3
              251 4
                568 2
                  17 0
                  917 0
                883 2
                  465 0
                  410 0
                301 4
                  930 0
                  511 0
                  885 0
                  834 0
                320 1
                  639 0
              581 4
                991 3
                  335 0
                  5 0
                  280 0
                683 1
                  370 0
                329 2
                  603 0
                  560 0
                500 5
                  798 0
                  892 0
                  571 0
                  341 0
                  712 0
              802 1
                950 1
                  102 0
            10 3
              344 5
                39 5
                  463 0
                  294 0
                  602 0
                  400 0
                  393 0
                486 3
                  873 0
                  367 0
                  978 0
                299 1
                  273 0
                735 5
                  602 0
                  118 0
                  350 0
                  484 0
                  183 0
                379 3
                  507 0
                  829 0
                  865 0
              480 2
                642 4
                  296 0
                  852 0
                  482 0
                  577 0
                671 5
                  144 0
                  484 0
                  274 0
                  156 0
                  765 0
              742 1
                253 1
                  978 0
            410 3
              173 1
                207 1
                  817 0
              908 3
                624 3
                  654 0
                  962 0
                  613 0
                718 1
                  363 0
                899 1
                  320 0
              73 3
                419 5
                  757 0
                  43 0
                  659 0
                  604 0
                  274 0
                1000 4
                  259 0
                  518 0
                  316 0
                  556 0
                645 4
                  238 0
                  675 0
                  631 0
                  201 0
          261 2
            53 2
              698 2
                295 2
                  400 0
                  900 0
                690 5
                  261 0
                  383 0
                  225 0
                  167 0
                  660 0
              604 2
                253 2
                  233 0
                  362 0
                271 1
                  42 0
            916 1
              239 2
                337 2
                  527 0
                  665 0
                982 3
                  581 0
                  34 0
                  331 0
          520 3
            215 2
              517 1
                139 4
                  65 0
                  379 0
                  469 0
                  305 0
              162 2
                671 5
                  327 0
                  35 0
                  714 0
                  48 0
                  511 0
                331 4
                  188 0
                  935 0
                  7 0
                  360 0
            944 3
              645 2
                7 1
                  234 0
                567 1
                  829 0
              384 3
                424 1
                  313 0
                581 4
                  541 0
                  879 0
                  425 0
                  260 0
                975 2
                  835 0
                  964 0
              933 2
                676 1
                  566 0
                618 3
                  334 0
                  82 0
                  330 0
            419 0
          717 1
            730 1
              351 2
                516 2
                  333 0
                  433 0
                742 4
                  360 0
                  926 0
                  411 0
                  534 0
      898 3
        289 4
          111 1
            461 4
              957 4
                559 4
                  19 0
                  18 0
                  980 0
                  77 0
                303 1
                  761 0
                443 4
                  239 0
                  16 0
                  32 0
                  423 0
                108 3
                  73 0
                  533 0
                  376 0
              284 1
                605 1
                  739 0
              393 1
                358 1
                  445 0
              11 3
                676 1
                  792 0
                569 2
                  326 0
                  212 0
                254 4
                  197 0
                  971 0
                  273 0
                  127 0
          418 3
            484 2
              192 1
                802 1
                  795 0
              327 3
                322 2
                  514 0
                  198 0
                389 2
                  273 0
                  131 0
                571 3
                  353 0
                  629 0
                  761 0
            216 2
              64 1
                111 2
                  966 0
                  906 0
              762 5
                269 2
                  986 0
                  531 0
                53 1
                  107 0
                992 5
                  951 0
                  36 0
                  917 0
                  40 0
                  885 0
                963 1
                  920 0
                774 4
                  226 0
                  817 0
                  453 0
                  462 0
            154 3
              573 0
              723 2
                541 1
                  594 0
                839 1
                  700 0
              641 2
                11 2
                  337 0
                  714 0
                936 4
                  925 0
                  435 0
                  344 0
                  198 0
          953 1
            693 1
              991 4
                633 3
                  593 0
                  389 0
                  17 0
                550 2
                  581 0
                  24 0
                504 3
                  773 0
                  572 0
                  314 0
                471 1
                  59 0
          433 3
            522 4
              276 2
                613 2
                  675 0
                  356 0
                476 2
                  791 0
                  712 0
              962 2
                284 5
                  854 0
                  802 0
                  699 0
                  934 0
                  445 0
                749 3
                  899 0
                  271 0
                  63 0
              239 2
                723 1
                  442 0
                374 1
                  311 0
              915 2
                754 3
                  888 0
                  167 0
                  380 0
                581 3
                  233 0
                  763 0
                  908 0
            141 2
              93 3
                83 3
                  355 0
                  543 0
                  613 0
                391 2
                  528 0
                  619 0
                471 5
                  70 0
                  873 0
                  593 0
                  363 0
                  609 0
              683 2
                815 0
                127 1
                  931 0
            247 3
              963 2
                184 4
                  199 0
                  874 0
                  199 0
                  716 0
                237 3
                  464 0
                  407 0
                  201 0
              697 4
                102 2
                  364 0
                  612 0
                779 5
                  294 0
                  153 0
                  837 0
                  276 0
                  341 0
                59 4
                  702 0
                  844 0
                  60 0
                  782 0
                891 2
                  767 0
                  685 0
              596 3
                779 3
                  921 0
                  390 0
                  196 0
                335 1
                  417 0
                423 3
                  282 0
                  540 0
                  701 0
        594 3
          367 3
            552 3
              400 2
                1 2
                  840 0
                  473 0
                399 3
                  577 0
                  947 0
                  103 0
              217 5
                601 1
                  225 0
                450 3
                  734 0
                  24 0
                  889 0
                981 2
                  980 0
                  118 0
                906 3
                  787 0
                  553 0
                  700 0
                598 3
                  908 0
                  410 0
                  562 0
              195 1
                198 5
                  482 0
                  630 0
                  176 0
                  328 0
                  317 0
            575 3
              236 0
              677 1
                655 2
                  358 0
                  529 0
              889 1
                366 1
                  718 0
            684 1
              615 3
                592 1
                  796 0
                498 2
                  411 0
                  932 0
                976 5
                  312 0
                  54 0
                  391 0
                  104 0
                  741 0
          953 3
            672 2
              563 2
                573 1
                  819 0
                823 1
                  346 0
              879 2
                128 3
                  693 0
                  731 0
                  703 0
                125 3
                  814 0
                  895 0
                  909 0
            132 1
              347 4
                730 1
                  771 0
                704 3
                  771 0
                  458 0
                  749 0
                307 4
                  444 0
                  812 0
                  920 0
                  866 0
                849 3
                  755 0
                  692 0
                  735 0
            713 3
              825 3
                488 1
                  983 0
                642 4
                  890 0
                  2 0
                  684 0
                  878 0
                654 1
                  368 0
              530 2
                22 4
                  19 0
                  810 0
                  294 0
                  478 0
                308 4
                  594 0
                  318 0
                  474 0
                  524 0
              554 4
                232 2
                  297 0
                  978 0
                612 1
                  867 0
                664 2
                  332 0
                  597 0
                981 0
          424 3
            390 3
              469 2
                750 2
                  314 0
                  173 0
                909 2
                  48 0
                  966 0
              273 5
                594 4
                  192 0
                  475 0
                  792 0
                  902 0
                859 2
                  480 0
                  148 0
                940 1
                  309 0
                616 1
                  703 0
                941 2
                  807 0
                  128 0
              877 2
                380 3
                  713 0
                  339 0
                  675 0
                501 1
                  126 0
            314 4
              610 2
                253 1
                  742 0
                158 2
                  441 0
                  537 0
              174 4
                773 3
                  804 0
                  970 0
                  981 0
                409 0
                531 2
                  485 0
                  841 0
                539 2
                  896 0
                  533 0
              475 1
                659 3
                  470 0
                  713 0
                  181 0
              537 1
                857 3
                  939 0
                  163 0
                  822 0
            130 3
              330 2
                448 4
                  427 0
                  572 0
                  472 0
                  953 0
                613 2
                  5 0
                  921 0
              565 0
              32 2
                461 2
                  24 0
                  175 0
                698 2
                  161 0
                  663 0
        783 4
          339 4
            781 2
              500 4
                764 2
                  643 0
                  596 0
                746 2
                  348 0
                  500 0
                871 4
                  411 0
                  174 0
                  963 0
                  752 0
                851 5
                  48 0
                  705 0
                  366 0
                  52 0
                  156 0
              131 1
                45 2
                  658 0
                  65 0
            531 1
              805 2
                128 1
                  495 0
                768 3
                  214 0
                  907 0
                  274 0
            779 2
              762 1
                667 5
                  587 0
                  717 0
                  815 0
                  536 0
                  71 0
              959 2
                299 5
                  718 0
                  488 0
                  813 0
                  581 0
                  797 0
                153 1
                  414 0
            161 1
              986 3
                797 1
                  928 0
                701 1
                  774 0
                506 4
                  663 0
                  95 0
                  298 0
                  580 0
          297 4
            874 1
              345 1
                532 2
                  597 0
                  515 0
            219 1
              716 1
                846 0
            902 2
              130 1
                337 1
                  690 0
              611 1
                465 4
                  497 0
                  448 0
                  56 0
                  804 0
            769 4
              121 3
                453 3
                  896 0
                  46 0
                  695 0
                824 1
                  517 0
                797 4
                  43 0
                  37 0
                  983 0
                  512 0
              534 2
                98 3
                  431 0
                  668 0
                  304 0
                652 2
                  846 0
                  425 0
              326 0
              359 3
                935 2
                  326 0
                  938 0
                455 0
                132 0
          777 1
            724 2
              210 3
                232 0
                199 0
                542 0
              644 1
                343 0
          225 2
            232 3
              442 3
                604 0
                810 0
                78 0
              818 4
                870 0
                869 0
                827 0
                929 0
              294 2
                255 0
                889 0
            509 2
              502 1
                877 0
              832 2
                309 0
                185 0
      960 1
        131 3
          365 1
            934 2
              173 2
                808 0
                95 0
              368 1
                417 0
          288 0
          386 4
            906 1
              333 5
                689 0
                842 0
                83 0
                775 0
                119 0
            143 1
              44 4
                591 0
                650 0
                694 0
                163 0
            498 5
              493 1
                959 0
              372 1
                552 0
              335 2
                356 0
                900 0
              148 2
                704 0
                885 0
              364 1
                783 0
            955 1
              417 2
                792 0
                352 0
