51 1
  843 2
    514 3
      402 3
        782 3
          27 3
            6 1
              821 1
                209 0
            945 1
              229 0
            427 1
              616 2
                293 0
                198 0
          605 0
          607 2
            829 0
            96 0
        358 1
          965 1
            872 0
        70 0
      959 1
        21 1
          455 1
            753 0
      754 2
        390 3
          202 0
          442 1
            233 0
          668 2
            765 0
            1000 0
        782 3
          82 0
          40 0
          56 0
    971 0
