547 4
  274 3
    552 3
      171 0
      380 2
        831 2
          655 1
            703 0
          887 0
        392 0
      499 0
    878 0
    795 0
  923 1
    304 2
      242 0
      217 4
        781 0
        328 0
        228 3
          315 0
          62 0
          437 4
            107 0
            587 2
              377 0
              523 0
            696 0
            652 0
        987 0
  267 1
    568 1
      87 3
        834 0
        824 3
          888 0
          750 0
          755 0
        273 0
  119 0
