676 1
  626 4
    781 1
      582 4
        599 2
          139 0
          459 0
        304 1
          605 1
            615 3
              260 2
                658 0
                242 0
              59 2
                916 0
                872 0
              680 3
                206 0
                838 0
                802 0
        47 0
        880 2
          460 0
          201 0
    918 3
      340 3
        878 0
        906 2
          477 2
            359 1
              292 0
            261 0
          762 3
            524 0
            308 0
            257 0
        805 0
      899 0
      578 1
        456 0
    683 3
      789 1
        965 0
      123 0
      620 4
        372 0
        657 4
          796 1
            193 0
          379 0
          194 0
          76 0
        71 1
          545 1
            532 0
        616 2
          158 1
            440 0
          716 4
            850 0
            692 0
            767 0
            918 0
    562 1
      499 0
